0.2483523
0.07266597
0.2216677
0.1723372
0.0726948
0.1475566
0.2144367
0.2048238
0.1064586
0.06826753
0.07997495
0.05058629
0.1479357
0.07562811
0.130542
0.1357044
0.08307747
0.1675641
0.1884531
0.1519567
0.121776
0.09146808
0.1318306
0.1692398
0.1645067
0.2496023
0.2308622
0.08971061
0.1554327
0.09664311
0.08427889
0.08945028
0.197298
0.1649996
0.4481398
0.1156055
0.1515481
0.1303018
0.1962745
0.1095027
0.1477051
0.1858105
0.2315264
0.205183
0.07281272
0.3500447
0.08955621
0.2621612
0.05380291
0.08653767
0.1386025
0.1554327
0.110071
0.1975451
0.1182298
0.1097487
0.04952031
0.1484628
0.1170089
0.1449598
0.1467192
0.1554327
0.07792493
0.2779758
0.09178449
0.1746234
0.1170963
0.181424
0.08763897
0.1619201
0.05518597
0.1010192
0.06414804
0.1200042
0.08397775
0.269903
0.391456
0.170413
0.1859603
0.1228617
0.05728223
0.4060548
0.04187329
0.1021756
0.144159
0.1554327
0.1988096
0.1175903
0.04948934
0.1078143
0.1328043
0.07692227
0.18743
0.07892592
0.08158143
0.1058559
0.2718684
0.08814469
0.1309267
0.08089656
0.1082429
0.1074984
0.1099891
0.1554327
0.1169544
0.0948024
0.1365209
0.1624136
0.1554327
0.06211342
0.1691195
0.07695999
0.2472016
0.07378137
0.2345561
0.1024796
0.03845222
0.1781038
0.1787055
0.2021316
0.1216803
0.1175658
0.1506549
0.0671462
0.3230439
0.09797949
0.1532754
0.2243407
0.104907
0.1252983
0.2383194
0.386233
0.3690611
0.1214797
0.147393
0.08225004
0.192368
0.1014258
0.06685668
0.09472422
0.1266399
0.2528444
0.213706
0.1502651
0.1952855
0.2457459
0.1040581
0.123055
0.2518135
0.09462738
0.07016849
0.07344306
0.1507402
0.1321664
0.102228
0.108565
0.1937354
0.154222
0.07846669
0.1554327
0.1348855
0.144716
0.1138553
0.09661994
0.1637476
0.1087036
0.1146268
0.1077831
0.1392527
0.1938858
0.4397733
0.1966316
0.1917822
0.07875199
0.2461483
0.1705244
0.1042004
0.07589653
0.1962027
0.09171611
0.1321365
0.0569163
0.2403069
0.2477762
0.2079602
0.1758679
0.103543
0.07079612
0.05850831
0.1463501
0.1619225
0.09213218
0.07314475
0.2095147
0.1461531
0.2893069
0.08607164
0.0790666
0.04905155
0.06993052
0.08305863
0.2834427
0.2203684
0.08377438
0.1222695
0.06955961
0.1440625
0.08295977
0.1195002
0.05882621
0.2380771
0.09579962
0.1554327
0.3785552
0.1208503
0.1763274
0.2474984
0.1231316
0.1084866
0.170243
0.1139679
0.2469876
0.2222461
0.06607249
0.1575761
0.2563708
0.1352955
0.1474187
0.08206229
0.09840007
0.2613256
0.2010245
0.1734537
0.4014011
0.1346905
0.2377943
0.1454291
0.09724336
0.1408465
0.1642208
0.1503283
0.1596127
0.17023
0.1892692
0.1546443
0.1940295
0.0916754
0.1695693
0.2458689
0.09142779
0.2250936
0.1178614
0.1899146
0.167172
0.3735143
0.2459829
0.152919
0.09780952
0.1918933
0.09837361
0.1248483
0.1426231
0.2108362
0.1397519
0.2389041
0.1272392
0.09074806
0.1096783
0.2141022
0.3921542
0.05539619
0.08388853
0.3366115
0.3101393
0.0733874
0.2895659
0.07538887
0.09394329
0.2858997
0.1552804
0.2947388
0.0856818
0.1219287
0.2872688
0.2381385
0.08826877
0.2300755
0.237844
0.2467183
0.1140093
0.1554327
0.08437984
0.1298166
0.1570521
0.09326476
0.1693725
0.1254012
0.2478132
0.1165875
0.1504293
0.1957356
0.22371
0.06219503
0.2399421
0.1554327
0.1145352
0.1021985
0.1564705
0.05334056
0.1432592
0.1805826
0.1463744
0.1769416
0.0830017
0.1209119
0.1669621
0.1766573
0.09804209
0.1990131
0.1073355
0.03747086
0.3155377
0.156061
0.1366914
0.1704677
0.1463948
0.1153445
0.1280091
0.09863887
0.1153384
0.1288672
0.08375851
0.1384788
0.09664287
0.1195438
0.09736181
0.152242
0.1185863
0.1506759
0.08760884
0.1436704
0.2501023
0.1446857
0.08426091
0.08862519
0.1857391
0.07479099
0.226348
0.1046717
0.2243854
0.2348734
0.08354754
0.2188079
0.2095144
0.2514747
0.1129986
0.1789826
0.2670468
0.1147597
0.09575529
0.03809567
0.280968
0.06957931
0.1377165
0.1554327
0.4158021
0.2963131
0.2016825
0.1630713
0.2006994
0.1175245
0.07677797
0.09416489
0.1404429
0.08404486
0.1297496
0.1375839
0.1554327
0.08566522
0.07672127
0.1856407
0.0846517
0.1090894
0.09999509
0.06246568
0.3409281
0.1300501
0.2232499
0.2609763
0.2337288
0.1138239
0.1513528
0.1155542
0.3116527
0.4353733
0.1893345
0.1105691
0.1736751
0.09587438
0.1370053
0.09491515
0.4166691
0.1989974
0.04632538
0.1581297
0.187376
0.1887496
0.1395485
0.1026747
0.07250343
0.1857864
0.09978934
0.03670551
0.06803639
0.128419
0.09439318
0.1554327
0.1328168
0.1360165
0.2874831
0.1199781
0.07848508
0.3648898
0.2772039
0.1304013
0.03682819
0.1680033
0.0826097
0.1367175
0.1036572
0.1321945
0.2667672
0.3370792
0.2049557
0.1290893
0.09609845
0.1840703
0.1202069
0.1848138
0.1743445
0.1146894
0.1244318
0.2821778
0.05150751
0.2260273
0.103179
0.115379
0.0869028
0.2497861
0.1556081
0.2470381
0.201035
0.06088297
0.06510816
0.2150878
0.1317248
0.1781063
0.08497307
0.1543631
0.2972948
0.120989
0.08477173
0.1444978
0.2349729
0.3027524
0.14218
0.3742492
0.2078357
0.2149255
0.1516308
0.2220612
0.1758
0.1740132
0.09190384
0.31495
0.2390138
0.1495344
0.1517955
0.2781123
0.2157481
0.1009864
0.1053813
0.06961881
0.07831567
0.03891791
0.260875
0.1442136
0.04768428
0.08178237
0.04783459
0.08923776
0.1554327
0.1363773
0.2301767
0.3090235
0.1178714
0.1153993
0.1175795
0.2778349
0.1099172
0.2896919
0.1423424
0.1225158
0.1307608
0.1114794
0.1169916
0.1139752
0.1851572
0.1272499
0.09516211
0.3317421
0.1058429
0.1721643
0.1181186
0.1976743
0.315431
0.2415198
0.1086694
0.08099968
0.1023022
0.07045917
0.07853645
0.1614088
0.1554327
0.0549559
0.1869921
0.08961287
0.2110424
0.07194614
0.2599239
0.06114475
0.09320205
0.0770679
0.07322693
0.0999478
0.1996183
0.1572039
0.1718401
0.1981814
0.09418935
0.189835
0.1593285
0.1784315
0.08358635
0.1138086
0.1192983
0.1249428
0.1546775
0.1931016
0.2546593
0.1392157
0.1182951
0.1840862
0.1295842
0.1479768
0.1040239
0.1039185
0.07825383
0.1305975
0.180584
0.06786919
0.1284334
0.06589555
0.1269381
0.108149
0.2470279
0.327555
0.0877672
0.09460657
0.1701531
0.1447063
0.1554327
0.1596676
0.07252068
0.06433865
0.206001
0.1972304
0.07913789
0.1554327
0.2230041
0.09040841
0.1294968
0.3307669
0.2175306
0.1388144
0.07918724
0.3682878
0.2620274
0.1256798
0.05466971
0.167135
0.07371211
0.2422497
0.1778122
0.1170286
0.1675108
0.3042739
0.07119357
0.2107366
0.2840032
0.1040565
0.1765344
0.2284817
0.1101902
0.1149944
0.1104433
0.1645504
0.1742519
0.1174861
0.06261998
0.1951656
0.1385525
0.08943362
0.2571801
0.1261287
0.09891027
0.3087376
0.03154427
0.1186263
0.1554327
0.1167838
0.1036851
0.06819598
0.1717676
0.06989275
0.1582718
0.2204386
0.1763384
0.2027167
0.05933895
0.247297
0.1750018
0.1448219
0.1154496
0.3235883
0.1899731
0.09799063
0.210069
0.07572955
0.1883657
0.1671758
0.1126748
0.2131903
0.4823919
0.1714084
0.1823149
0.1045429
0.3685173
0.2424468
0.0548328
0.1221797
0.09618984
0.097948
0.09071028
0.07372436
0.1891805
0.3790903
0.1050954
0.1542645
0.2656104
0.2726481
0.3091143
0.1845981
0.1277484
0.09865613
0.337955
0.1733193
0.2193717
0.2476018
0.09271569
0.04697433
0.1011347
0.1824759
0.1941724
0.110715
0.03356367
0.08868564
0.1574136
0.1607634
0.170864
0.07582534
0.1210921
0.2857019
0.1036107
0.09429737
0.09507792
0.1298929
0.1569537
0.1554327
0.05270417
0.1279682
0.2041888
0.3148152
0.05056294
0.2076192
0.1462201
0.3038091
0.1154173
0.1306382
0.07843125
0.1161912
0.0765335
0.1319516
0.3030591
0.1523451
0.1238012
0.1837195
0.2161276
0.0226791
0.1210192
0.1819919
0.1870619
0.3359097
0.09507087
0.1090204
0.1285025
0.1059807
0.1720714
0.1554327
0.2540053
0.1042052
0.1017075
0.1170127
0.09522514
0.1595584
0.3871755
0.1040592
0.08519565
0.1657596
0.07867832
0.1261414
0.1739732
0.1357219
0.1462189
0.06234453
0.1286589
0.09448678
0.0869524
0.039933
0.1109574
0.2064005
0.1766726
0.1498449
0.09244693
0.2126184
0.1013508
0.1005761
0.132869
0.09034493
0.100053
0.1167367
0.1354684
0.2735977
0.09307065
0.2113089
0.1706153
0.1412727
0.3401586
0.2133724
0.1379667
0.08511981
0.2409748
0.190362
0.232738
0.1166533
0.1106422
0.3118388
0.1042987
0.202067
0.1155323
0.1554327
0.2815281
0.1335963
0.2428342
0.1793786
0.1064246
0.06783858
0.1143
0.22968
0.2411341
0.08358317
0.1740997
0.1279982
0.1992998
0.09911112
0.1200495
0.06932649
0.2946561
0.1525219
0.2220598
0.3877401
0.1039095
0.2485337
0.130872
0.07379657
0.1312392
0.2107954
0.09634389
0.08761893
0.07950315
0.2087217
0.09257315
0.06619782
0.1028028
0.1129741
0.071493
0.2692799
0.08783886
0.1299055
0.1369357
0.209332
0.3118289
0.2534943
0.08079903
0.09185221
0.0676883
0.05770682
0.09662233
0.1477037
0.2785972
0.1237828
0.1774035
0.1810524
0.1806767
0.06227639
0.1353014
0.07032395
0.114629
0.2378004
0.1844415
0.09510502
0.1259183
0.05881154
0.1005639
0.2043618
0.1554327
0.1702281
0.08404868
0.1135656
0.2189076
0.159703
0.1503147
0.1109663
0.1332116
0.07505153
0.174263
0.09710704
0.2042228
0.2212499
0.1348303
0.1067963
0.1055634
0.1361529
0.1628138
0.1740777
0.1395736
0.3774991
0.1031558
0.2018366
0.07142398
0.06566317
0.4352952
0.1074842
0.2571281
0.1622368
0.1650058
0.06950221
0.3922957
0.1124446
0.1523863
0.06688483
0.1466546
0.2536714
0.1988195
0.2210996
0.3773918
0.2928114
0.1425855
0.1324897
0.2152875
0.07165533
0.05245944
0.06947219
0.06266236
0.1116788
0.1137758
0.1311548
0.3637709
0.2065654
0.1989655
0.08676768
0.08660156
0.1164946
0.279909
0.05131825
0.103872
0.214238
0.1059856
0.2169969
0.1263927
0.08242683
0.1518981
0.1670176
0.09191239
0.1355794
0.1720418
0.1874922
0.125517
0.1826091
0.213938
0.1412048
0.07679313
0.2201033
0.1509985
0.3147634
0.1620018
0.1087615
0.1457741
0.1289417
0.1502827
0.2007453
0.1395869
0.07312906
0.1804437
0.1816198
0.3364467
0.1080738
0.1774792
0.07739375
0.1144329
0.180019
0.1734078
0.2049912
0.07376146
0.08912102
0.1539295
0.1661698
0.1554327
0.09013854
0.4016683
0.2124406
0.3284882
0.2319926
0.09239331
0.08937477
0.03899233
0.1341211
0.1174762
